#2021-06-05 (12/13)
['J.D. Martinez', 'Boston'] 0.9965394799074458 [0. 0. 0. 0. 0. 0. 0. 0. 0. 0. 0. 0.]
['Nick Castellanos', 'Cincinnati'] 0.9712008440641761 [3.    2.    0.    0.    0.    0.    0.    0.    1.    0.    0.333 0.   ]
['Amed Rosario', 'Cleveland'] 0.9626811965118157 [4.   3.   0.   0.   0.   0.   0.   1.   0.   0.   0.25 0.  ]
['Fernando Tatis Jr.', 'San Diego'] 0.9571849346933814 [3. 3. 0. 0. 0. 0. 0. 0. 1. 0. 0. 0.]
['Brandon Crawford', 'San Francisco'] 0.9335091058931196 [0. 0. 0. 0. 0. 0. 0. 0. 0. 0. 0. 0.]
['Austin Meadows', 'Tampa Bay'] 0.9264674529940156 [3.    3.    1.    0.    1.    0.    0.    0.    0.    0.333 0.333 0.667]
['Hunter Renfroe', 'Boston'] 0.9255059264837472 [6.    6.    3.    1.    1.    0.    1.    0.    3.    0.5   0.5   1.167]
['Bryan Reynolds', 'Pittsburgh'] 0.9156074800589736 [0. 0. 0. 0. 0. 0. 0. 0. 0. 0. 0. 0.]
['Nick Ahmed', 'Arizona'] 0.8797619382449093 [5.  5.  2.  2.  0.  0.  0.  0.  0.  0.4 0.4 0.4]
['Starlin Castro', 'Washington'] 0.8638701264382711 [0. 0. 0. 0. 0. 0. 0. 0. 0. 0. 0. 0.]
['Dansby Swanson', 'Atlanta'] 0.8589704695548459 [8.   8.   2.   2.   0.   0.   0.   0.   3.   0.25 0.25 0.25]
['Paul Goldschmidt', 'St. Louis'] 0.8548714652314017 [19.    15.     5.     4.     1.     0.     0.     3.     3.     0.333
  0.421  0.4  ]
['Chris Taylor', 'Los Angeles'] 0.823479174287533 [7.    7.    1.    1.    0.    0.    0.    0.    4.    0.143 0.143 0.143]
['Jared Walsh', 'Los Angeles'] 0.7943407909711082 [0. 0. 0. 0. 0. 0. 0. 0. 0. 0. 0. 0.]
['Josh Bell', 'Washington'] 0.7915930920231565 [0. 0. 0. 0. 0. 0. 0. 0. 0. 0. 0. 0.]
['Cedric Mullins', 'Baltimore'] 0.7798250992515322 [0. 0. 0. 0. 0. 0. 0. 0. 0. 0. 0. 0.]
['Joey Wendle', 'Tampa Bay'] 0.7781254540419562 [2.  2.  1.  1.  0.  0.  0.  0.  0.  0.5 0.5 0.5]
['Marcus Semien', 'Toronto'] 0.7690637287838699 [11.    10.     3.     0.     1.     0.     2.     1.     1.     0.3
  0.364  1.   ]
['Gavin Lux', 'Los Angeles'] 0.7514302318160292 [0. 0. 0. 0. 0. 0. 0. 0. 0. 0. 0. 0.]
['Rhys Hoskins', 'Philadelphia'] 0.7036830607008496 [3.    2.    1.    0.    1.    0.    0.    1.    0.    0.5   0.667 1.   ]
['Yoan Moncada', 'Chicago'] 0.6922109826446228 [2.  1.  1.  1.  0.  0.  0.  0.  0.  1.  0.5 1. ]
['Vladimir Guerrero Jr.', 'Toronto'] 0.6838312806533764 [3. 3. 0. 0. 0. 0. 0. 0. 0. 0. 0. 0.]
['Alex Bregman', 'Houston'] 0.6812192137949694 [4.    3.    1.    1.    0.    0.    0.    1.    0.    0.333 0.5   0.333]
['Elvis Andrus', 'Oakland'] 0.6673638976519612 [3.    3.    1.    1.    0.    0.    0.    0.    0.    0.333 0.333 0.333]
['Mookie Betts', 'Los Angeles'] 0.6617911713565284 [30.    26.     8.     6.     2.     0.     0.     3.     2.     0.308
  0.4    0.385]
['Willson Contreras', 'Chicago'] 0.6390609296983107 [3.    3.    1.    0.    0.    0.    1.    0.    1.    0.333 0.333 1.333]
['J.P. Crawford', 'Seattle'] 0.5868605848569158 [0. 0. 0. 0. 0. 0. 0. 0. 0. 0. 0. 0.]
['Nolan Arenado', 'St. Louis'] 0.5856067445793819 [11.    10.     1.     1.     0.     0.     0.     1.     3.     0.1
  0.182  0.1  ]
['Harold Castro', 'Detroit'] 0.5832067004420115 [3. 3. 0. 0. 0. 0. 0. 0. 0. 0. 0. 0.]
['Mark Canha', 'Oakland'] 0.5667781556521398 [3. 3. 0. 0. 0. 0. 0. 0. 1. 0. 0. 0.]
['Juan Soto', 'Washington'] 0.5457240791447153 [3.    2.    1.    0.    0.    0.    1.    1.    1.    0.5   0.667 2.   ]
['Jeimer Candelario', 'Detroit'] 0.5412482745349596 [23.    19.     5.     5.     0.     0.     0.     4.     4.     0.263
  0.391  0.263]
['DJ LeMahieu', 'New York'] 0.5119442924352366 [10.  10.   2.   1.   1.   0.   0.   0.   4.   0.2  0.2  0.3]


2021-06-06
['Tommy Edman', 'St. Louis'] 0.9567481682106578 [9.    9.    4.    4.    0.    0.    0.    0.    0.    0.444 0.444 0.444] 1
['Kyle Tucker', 'Houston'] 0.9392338630573424 [2. 2. 0. 0. 0. 0. 0. 0. 0. 0. 0. 0.] 1
['Marcus Semien', 'Toronto'] 0.9280216661995057 [2. 2. 0. 0. 0. 0. 0. 0. 2. 0. 0. 0.] 0
['Yuli Gurriel', 'Houston'] 0.9170599570080269 [3.    3.    1.    0.    1.    0.    0.    0.    0.    0.333 0.333 0.667] 1
['Jean Segura', 'Philadelphia'] 0.9167272137269746 [3.    3.    1.    0.    0.    0.    1.    0.    0.    0.333 0.333 1.333] n
['J.D. Martinez', 'Boston'] 0.8996660198269059 [13.    11.     1.     1.     0.     0.     0.     2.     6.     0.091
  0.231  0.091]n
['Max Muncy', 'Los Angeles'] 0.8876936963342075 [11.     8.     3.     2.     0.     0.     1.     3.     4.     0.375
  0.546  0.75 ] n
['Teoscar Hernandez', 'Toronto'] 0.8875837928715423 [0. 0. 0. 0. 0. 0. 0. 0. 0. 0. 0. 0.] 1
['Cesar Hernandez', 'Cleveland'] 0.8689069294390498 [3.    3.    1.    1.    0.    0.    0.    0.    1.    0.333 0.333 0.333] 0
['Trey Mancini', 'Baltimore'] 0.8523976515562834 [0. 0. 0. 0. 0. 0. 0. 0. 0. 0. 0. 0.]  0
['Jorge Polanco', 'Minnesota'] 0.851108217677221 [9.    9.    2.    2.    0.    0.    0.    0.    0.    0.222 0.222 0.222] 1
['Kevin Newman', 'Pittsburgh'] 0.8473887475580938 [4.   4.   2.   1.   1.   0.   0.   0.   1.   0.5  0.5  0.75] n
['Ryan Mountcastle', 'Baltimore'] 0.8352048759405628 [0. 0. 0. 0. 0. 0. 0. 0. 0. 0. 0. 0.] 1
['Rhys Hoskins', 'Philadelphia'] 0.8284877777787061 [0. 0. 0. 0. 0. 0. 0. 0. 0. 0. 0. 0.] 0
['Eduardo Escobar', 'Arizona'] 0.8267705169157746 [0. 0. 0. 0. 0. 0. 0. 0. 0. 0. 0. 0.] n
['Aaron Judge', 'New York'] 0.8265928339294769 [4.    3.    3.    2.    1.    0.    0.    1.    0.    1.    1.    1.333] 1
['Robbie Grossman', 'Detroit'] 0.8095485178369818 [0. 0. 0. 0. 0. 0. 0. 0. 0. 0. 0. 0.] n
['Isiah Kiner-Falefa', 'Texas'] 0.7917095242763686 [0. 0. 0. 0. 0. 0. 0. 0. 0. 0. 0. 0.]
['Yermin Mercedes', 'Chicago'] 0.7769303096150929 [3.    3.    1.    1.    0.    0.    0.    0.    0.    0.333 0.333 0.333]
['Juan Soto', 'Washington'] 0.7630209816246522 [5.  5.  1.  0.  1.  0.  0.  0.  2.  0.2 0.2 0.4]
['Salvador Perez', 'Kansas City'] 0.7431298111562343 [0. 0. 0. 0. 0. 0. 0. 0. 0. 0. 0. 0.]
['Lourdes Gurriel Jr.', 'Toronto'] 0.7407606268013007 [0. 0. 0. 0. 0. 0. 0. 0. 0. 0. 0. 0.]
['Yoan Moncada', 'Chicago'] 0.7301561077992712 [4.   4.   1.   1.   0.   0.   0.   0.   0.   0.25 0.25 0.25]
['Jonathan Villar', 'New York'] 0.6886858269077154 [3.    3.    1.    1.    0.    0.    0.    0.    1.    0.333 0.333 0.333]
['Adam Frazier', 'Pittsburgh'] 0.677956359505604 [3.    3.    2.    1.    0.    0.    1.    0.    0.    0.667 0.667 1.667]
['Kyle Lewis', 'Seattle'] 0.6777778707243236 [2.  2.  1.  1.  0.  0.  0.  0.  1.  0.5 0.5 0.5]
['Jared Walsh', 'Los Angeles'] 0.6616269909376865 [0. 0. 0. 0. 0. 0. 0. 0. 0. 0. 0. 0.]
['Freddie Freeman', 'Atlanta'] 0.6545570351517577 [14.    12.     4.     1.     3.     0.     0.     1.     3.     0.333
  0.429  0.583]
['Will Smith', 'Los Angeles'] 0.6365985277366903 [9.    9.    2.    2.    0.    0.    0.    0.    4.    0.222 0.222 0.222]
['Mitch Haniger', 'Seattle'] 0.617447660165042 [0. 0. 0. 0. 0. 0. 0. 0. 0. 0. 0. 0.]
['Chris Taylor', 'Los Angeles'] 0.6129830988073164 [6.   4.   1.   1.   0.   0.   0.   2.   2.   0.25 0.5  0.25]
['Whit Merrifield', 'Kansas City'] 0.574532201705517 [0. 0. 0. 0. 0. 0. 0. 0. 0. 0. 0. 0.]
['Jose Ramirez', 'Cleveland'] 0.5398927746647074 [9.    7.    2.    2.    0.    0.    0.    2.    2.    0.286 0.444 0.286]
['Gleyber Torres', 'New York'] 0.5190839306402489 [1. 1. 0. 0. 0. 0. 0. 0. 0. 0. 0. 0.]
['Josh Rojas', 'Arizona'] 0.4874563888611604 [0. 0. 0. 0. 0. 0. 0. 0. 0. 0. 0. 0.]
['Vladimir Guerrero Jr.', 'Toronto'] 0.4258590531643059 [0. 0. 0. 0. 0. 0. 0. 0. 0. 0. 0. 0.]
['Odubel Herrera', 'Philadelphia'] 0.3815332400184593 [1. 1. 0. 0. 0. 0. 0. 0. 0. 0. 0. 0.]
['Dansby Swanson', 'Atlanta'] 0.3480516286299034 [5. 5. 0. 0. 0. 0. 0. 0. 4. 0. 0. 0.]
['Austin Meadows', 'Tampa Bay'] 0.3297808805386277 [2.  2.  1.  0.  1.  0.  0.  0.  1.  0.5 0.5 1. ]
['Hunter Renfroe', 'Boston'] 0.31419348868231006 [0. 0. 0. 0. 0. 0. 0. 0. 0. 0. 0. 0.]
['Paul Goldschmidt', 'St. Louis'] 0.31250565245750556 [13.    11.     4.     3.     1.     0.     0.     2.     3.     0.364
  0.462  0.455]
['Kyle Schwarber', 'Washington'] 0.28702183166037987 [3. 3. 0. 0. 0. 0. 0. 0. 0. 0. 0. 0.]
['Fernando Tatis Jr.', 'San Diego'] 0.2799243559355266 [0. 0. 0. 0. 0. 0. 0. 0. 0. 0. 0. 0.]
['Jonathan Schoop', 'Detroit'] 0.2712393692619528 [7.    7.    4.    2.    0.    0.    2.    0.    1.    0.571 0.571 1.429]
['Nick Madrigal', 'Chicago'] 0.24981649445377857 [3. 3. 0. 0. 0. 0. 0. 0. 1. 0. 0. 0.]
['Gavin Lux', 'Los Angeles'] 0.24571677433865471 [0. 0. 0. 0. 0. 0. 0. 0. 0. 0. 0. 0.]
['Pavin Smith', 'Arizona'] 0.24551891969358364 [0. 0. 0. 0. 0. 0. 0. 0. 0. 0. 0. 0.]
['Tyler Naquin', 'Cincinnati'] 0.2380864020881837 [6. 6. 0. 0. 0. 0. 0. 0. 2. 0. 0. 0.]
['Amed Rosario', 'Cleveland'] 0.21859693995950408 [1. 1. 1. 1. 0. 0. 0. 0. 0. 1. 1. 1.]
['Joc Pederson', 'Chicago'] 0.18878240617277464 [28.    26.     4.     2.     1.     0.     1.     2.     8.     0.154
  0.214  0.308]

2021-06-07
['Willson Contreras', 'Chicago'] 0.9690016940468081 [3.    3.    2.    0.    1.    0.    1.    0.    1.    0.667 0.667 2.   ]
['J.D. Martinez', 'Boston'] 0.634581971152443 [0. 0. 0. 0. 0. 0. 0. 0. 0. 0. 0. 0.]
['Garrett Cooper', 'Miami'] 0.4995040829041436 [1. 1. 0. 0. 0. 0. 0. 0. 1. 0. 0. 0.]
['Jesus Aguilar', 'Miami'] 0.4851171606886392 [2.  1.  0.  0.  0.  0.  0.  1.  0.  0.  0.5 0. ]
['Kris Bryant', 'Chicago'] 0.44016541586838503 [3. 3. 0. 0. 0. 0. 0. 0. 0. 0. 0. 0.]
['Alex Verdugo', 'Boston'] 0.36334661330453816 [0. 0. 0. 0. 0. 0. 0. 0. 0. 0. 0. 0.]
['Salvador Perez', 'Kansas City'] 0.34670199486721415 [10.  10.   3.   1.   1.   0.   1.   0.   3.   0.3  0.3  0.7]
['Xander Bogaerts', 'Boston'] 0.309033878030306 [0. 0. 0. 0. 0. 0. 0. 0. 0. 0. 0. 0.]
['Tommy Pham', 'San Diego'] 0.16574329181865916 [2. 2. 0. 0. 0. 0. 0. 0. 2. 0. 0. 0.]
['Joc Pederson', 'Chicago'] 0.1656952877401279 [2. 2. 0. 0. 0. 0. 0. 0. 0. 0. 0. 0.]

2021-06-08
['Starlin Castro', 'Washington'] 0.9816638333773491 [3.    3.    1.    1.    0.    0.    0.    0.    1.    0.333 0.333 0.333]1
['Jonathan Schoop', 'Detroit'] 0.9760561749979247 [7.    7.    2.    2.    0.    0.    0.    0.    2.    0.286 0.286 0.286]1
['Amed Rosario', 'Cleveland'] 0.9677026908578846 [5.  5.  1.  1.  0.  0.  0.  0.  0.  0.2 0.2 0.2]1
['Anthony Rizzo', 'Chicago'] 0.966743952533957 [8.    7.    1.    1.    0.    0.    0.    1.    0.    0.143 0.25  0.143]1
['Manuel Margot', 'Tampa Bay'] 0.9539052016270312 [10.  10.   5.   5.   0.   0.   0.   0.   0.   0.5  0.5  0.5]1
['Rafael Devers', 'Boston'] 0.9471552508563911 [5.  5.  2.  2.  0.  0.  0.  0.  2.  0.4 0.4 0.4]0
['Dylan Carlson', 'St. Louis'] 0.944470917194196 [0. 0. 0. 0. 0. 0. 0. 0. 0. 0. 0. 0.]0
['Juan Soto', 'Washington'] 0.9373157205798106 [0. 0. 0. 0. 0. 0. 0. 0. 0. 0. 0. 0.]1
['Andrelton Simmons', 'Minnesota'] 0.9266207602306384 [3.    3.    2.    2.    0.    0.    0.    0.    1.    0.667 0.667 0.667]1
['Alex Bregman', 'Houston'] 0.9257376606060782 [19.    17.     3.     3.     0.     0.     0.     2.     1.     0.177
  0.263  0.177]1
['Chris Taylor', 'Los Angeles'] 0.9031611398853897 [0. 0. 0. 0. 0. 0. 0. 0. 0. 0. 0. 0.]1
['Harold Ramirez', 'Cleveland'] 0.8916019081716268 [1. 1. 0. 0. 0. 0. 0. 0. 0. 0. 0. 0.]1
['Jake Cronenworth', 'San Diego'] 0.8447754033437478 [0. 0. 0. 0. 0. 0. 0. 0. 0. 0. 0. 0.]
['Freddie Freeman', 'Atlanta'] 0.7952082712209723 [58.    50.    13.     8.     3.     0.     2.     8.     5.     0.26
  0.362  0.44 ]
['Adam Frazier', 'Pittsburgh'] 0.7900360552008355 [3.    3.    1.    1.    0.    0.    0.    0.    0.    0.333 0.333 0.333]
['Nick Castellanos', 'Cincinnati'] 0.7815493858998488 [14.    14.     5.     3.     1.     0.     1.     0.     4.     0.357
  0.357  0.643]
['J.P. Crawford', 'Seattle'] 0.7454880462117657 [6.    6.    1.    1.    0.    0.    0.    0.    3.    0.167 0.167 0.167]
['Austin Riley', 'Atlanta'] 0.6839518116127633 [18.    17.     4.     2.     0.     0.     2.     1.     4.     0.235
  0.278  0.588]
['Fernando Tatis Jr.', 'San Diego'] 0.6636626853920152 [3.    2.    1.    1.    0.    0.    0.    1.    1.    0.5   0.667 0.5  ]
['Joey Wendle', 'Tampa Bay'] 0.661439198312175 [0. 0. 0. 0. 0. 0. 0. 0. 0. 0. 0. 0.]

2021-06-09
['Whit Merrifield', 'Kansas City'] 0.9677292684751593 [6.    6.    1.    0.    1.    0.    0.    0.    1.    0.167 0.167 0.333]
['Jose Ramirez', 'Cleveland'] 0.9104851173026549 [4.   3.   0.   0.   0.   0.   0.   1.   2.   0.   0.25 0.  ]
['Tommy Edman', 'St. Louis'] 0.8997564108101812 [0. 0. 0. 0. 0. 0. 0. 0. 0. 0. 0. 0.]
['Jesus Aguilar', 'Miami'] 0.8837205830658863 [2.  2.  2.  1.  0.  0.  1.  0.  0.  1.  1.  2.5]
['Yonathan Daza', 'Colorado'] 0.8784712882188286 [0. 0. 0. 0. 0. 0. 0. 0. 0. 0. 0. 0.]
['J.P. Crawford', 'Seattle'] 0.8451633645309833 [3. 3. 0. 0. 0. 0. 0. 0. 0. 0. 0. 0.]
['Charlie Blackmon', 'Colorado'] 0.8118294133640271 [0. 0. 0. 0. 0. 0. 0. 0. 0. 0. 0. 0.]
['Mitch Haniger', 'Seattle'] 0.7503473575309644 [3.    2.    0.    0.    0.    0.    0.    1.    0.    0.    0.333 0.   ]
['Yuli Gurriel', 'Houston'] 0.7325453880642511 [6. 6. 0. 0. 0. 0. 0. 0. 0. 0. 0. 0.]
['Austin Meadows', 'Tampa Bay'] 0.6746335546796282 [6.    6.    3.    2.    1.    0.    0.    0.    2.    0.5   0.5   0.667]
['Max Muncy', 'Los Angeles'] 0.6702805260363148 [8.    7.    3.    1.    0.    0.    2.    1.    0.    0.429 0.5   1.286]
['Nolan Arenado', 'St. Louis'] 0.6529314716866678 [0. 0. 0. 0. 0. 0. 0. 0. 0. 0. 0. 0.]
['Trey Mancini', 'Baltimore'] 0.6308036789569614 [3.    3.    2.    1.    1.    0.    0.    0.    1.    0.667 0.667 1.   ]
['Eduardo Escobar', 'Arizona'] 0.6180736720881964 [5.   4.   3.   2.   0.   0.   1.   0.   1.   0.75 0.6  1.5 ]
['Juan Soto', 'Washington'] 0.596718502932333 [0. 0. 0. 0. 0. 0. 0. 0. 0. 0. 0. 0.]
['Jesse Winker', 'Cincinnati'] 0.5392785559103522 [6.  5.  2.  1.  0.  0.  1.  0.  1.  0.4 0.5 1. ]
['J.D. Martinez', 'Boston'] 0.41373916590479687 [14.    14.     5.     3.     0.     1.     1.     0.     4.     0.357
  0.357  0.714]
['Austin Riley', 'Atlanta'] 0.3966376919621969 [17.    16.     4.     2.     2.     0.     0.     1.     5.     0.25
  0.294  0.375]
['Bo Bichette', 'Toronto'] 0.28538883026490225 [3.    2.    0.    0.    0.    0.    0.    1.    2.    0.    0.333 0.   ]
['Matt Olson', 'Oakland'] 0.2498602196392531 [0. 0. 0. 0. 0. 0. 0. 0. 0. 0. 0. 0.]

2021-06-11(5-20-1)
['Eric Haase', 'Detroit'] 0.971667902972432 [3.    3.    2.    0.    0.    0.    2.    0.    1.    0.667 0.667 2.667]
['Ian Happ', 'Chicago'] 0.969283102009453 [5.    3.    2.    0.    1.    1.    0.    2.    0.    0.667 0.8   1.667]
['Randy Arozarena', 'Tampa Bay'] 0.9401576407971187 [1. 1. 1. 1. 0. 0. 0. 0. 0. 1. 1. 1.]
["Tyler O'Neill", 'St. Louis'] 0.9394912888820468 [0. 0. 0. 0. 0. 0. 0. 0. 0. 0. 0. 0.]
['Juan Soto', 'Washington'] 0.9354914585536132 [3.    3.    2.    1.    1.    0.    0.    0.    0.    0.667 0.667 1.   ]
['Vladimir Guerrero Jr.', 'Toronto'] 0.9256326256216548 [6.    5.    3.    1.    2.    0.    0.    1.    0.    0.6   0.667 1.   ]
['Chris Taylor', 'Los Angeles'] 0.9255080284023176 [5.  5.  3.  1.  2.  0.  0.  0.  1.  0.6 0.6 1. ]
['Austin Meadows', 'Tampa Bay'] 0.900653238481825 [3.    3.    1.    1.    0.    0.    0.    0.    0.    0.333 0.333 0.333]
['Jesse Winker', 'Cincinnati'] 0.8916168992364517 [4.    3.    1.    1.    0.    0.    0.    1.    2.    0.333 0.5   0.333]
['Javier Baez', 'Chicago'] 0.8841726463156245 [5.  5.  2.  2.  0.  0.  0.  0.  1.  0.4 0.4 0.4]
['Jesus Aguilar', 'Miami'] 0.8823638139718858 [3.    3.    1.    1.    0.    0.    0.    0.    0.    0.333 0.333 0.333]
['Bo Bichette', 'Toronto'] 0.8767172057621261 [6.  5.  2.  1.  1.  0.  0.  0.  1.  0.4 0.5 0.6]
['Eugenio Suarez', 'Cincinnati'] 0.8698649545965942 [11.    10.     2.     2.     0.     0.     0.     1.     3.     0.2
  0.273  0.2  ]
['Jazz Chisholm', 'Miami'] 0.8694236197433323 [3.    3.    2.    1.    0.    0.    1.    0.    1.    0.667 0.667 1.667]
['Ryan McMahon', 'Colorado'] 0.8598777542180213 [12.    11.     5.     2.     1.     1.     1.     1.     1.     0.455
  0.5    1.   ]
['Joey Wendle', 'Tampa Bay'] 0.8506909551994429 [2.  2.  1.  1.  0.  0.  0.  0.  1.  0.5 0.5 0.5]
['Yoan Moncada', 'Chicago'] 0.8337942555463327 [5.  4.  2.  2.  0.  0.  0.  0.  2.  0.5 0.4 0.5]
['Teoscar Hernandez', 'Toronto'] 0.7995450794732994 [6.  5.  2.  2.  0.  0.  0.  1.  0.  0.4 0.5 0.4]
['Austin Riley', 'Atlanta'] 0.7959805857166469 [6.    6.    2.    2.    0.    0.    0.    0.    2.    0.333 0.333 0.333]
['Anthony Rizzo', 'Chicago'] 0.7725639769942171 [5. 4. 0. 0. 0. 0. 0. 0. 0. 0. 0. 0.]
